129.7471
